-0.209375 -0.279166666667
0.025 -0.075
0.0875 -0.0125
0.090625 -0.00833333333333
0.090625 -0.0125
0.0875 -0.0208333333333
0.090625 -0.00833333333333
0.090625 0.00416666666667
0.090625 0.0
0.090625 -0.00416666666667
0.090625 0.0
0.090625 0.0
0.0875 -0.00833333333333
0.0875 -0.00833333333333
0.084375 -0.0166666666667
0.084375 -0.0166666666667
0.084375 -0.0333333333333
0.08125 -0.05
0.0875 -0.0583333333333
0.09375 -0.0583333333333
0.10625 -0.0583333333333
0.115625 -0.0708333333333
0.125 -0.0791666666667
0.140625 -0.0666666666667
0.15 -0.0708333333333
0.15625 -0.0791666666667
0.159375 -0.0791666666667
0.159375 -0.075
0.159375 -0.0791666666667
0.15625 -0.0833333333333
0.153125 -0.0833333333333
0.15625 -0.075
0.15625 -0.0625
0.15625 -0.0625
0.15625 -0.0583333333333
0.159375 -0.0416666666667
0.159375 -0.0375
0.159375 -0.0416666666667
0.1625 -0.0458333333333
0.1625 -0.0625
0.1625 -0.0666666666667
0.159375 -0.0625
0.15 -0.075
0.146875 -0.0791666666667
0.14375 -0.0833333333333
0.14375 -0.0791666666667
0.14375 -0.0791666666667
0.15 -0.0791666666667
0.153125 -0.0708333333333
0.153125 -0.0625
0.15 -0.0541666666667
0.14375 -0.0416666666667
0.1375 -0.0458333333333
0.134375 -0.0541666666667
0.134375 -0.0583333333333
0.140625 -0.0583333333333
0.15 -0.05
0.159375 -0.0458333333333
0.1625 -0.0333333333333
0.1625 -0.0333333333333
0.159375 -0.0291666666667
0.1625 -0.0333333333333
0.165625 -0.0375
0.171875 -0.0291666666667
0.178125 -0.0208333333333
0.18125 -0.0125
0.18125 -0.0166666666667
0.18125 -0.0333333333333
0.178125 -0.0541666666667
0.175 -0.0625
0.171875 -0.0708333333333
0.165625 -0.0791666666667
0.1625 -0.0875
0.1625 -0.1
0.16875 -0.104166666667
0.171875 -0.116666666667
0.171875 -0.129166666667
0.16875 -0.133333333333
0.1625 -0.133333333333
0.15625 -0.125
0.153125 -0.116666666667
0.15625 -0.116666666667
0.159375 -0.116666666667
0.159375 -0.108333333333
0.15625 -0.1
0.146875 -0.1
0.14375 -0.108333333333
0.146875 -0.120833333333
0.15 -0.125
0.15625 -0.120833333333
0.15625 -0.129166666667
0.153125 -0.1375
0.15 -0.141666666667
0.14375 -0.145833333333
0.140625 -0.15
0.140625 -0.154166666667
0.140625 -0.154166666667
0.140625 -0.145833333333
0.146875 -0.129166666667
0.15 -0.116666666667
0.153125 -0.116666666667
0.153125 -0.1125
0.15 -0.1
0.140625 -0.104166666667
0.1375 -0.1
0.1375 -0.1
0.134375 -0.108333333333
0.1375 -0.1125
0.134375 -0.129166666667
0.134375 -0.129166666667
0.140625 -0.116666666667
0.15 -0.0958333333333
0.1625 -0.0541666666667
0.16875 -0.0458333333333
0.165625 -0.0583333333333
0.165625 -0.0541666666667
0.1625 -0.0541666666667
0.159375 -0.0541666666667
0.159375 -0.0541666666667
0.159375 -0.0583333333333
0.1625 -0.0708333333333
0.1625 -0.0833333333333
0.165625 -0.0833333333333
0.16875 -0.0791666666667
0.16875 -0.0708333333333
0.16875 -0.0625
0.165625 -0.0625
0.165625 -0.0583333333333
0.165625 -0.0583333333333
0.1625 -0.0541666666667
0.159375 -0.0416666666667
0.15625 -0.0416666666667
0.15 -0.0458333333333
0.14375 -0.0625
0.140625 -0.0875
0.140625 -0.1
0.140625 -0.116666666667
0.14375 -0.125
0.15 -0.125
0.153125 -0.125
0.146875 -0.125
0.140625 -0.1125
0.134375 -0.0875
0.125 -0.0708333333333
0.11875 -0.0666666666667
0.11875 -0.0666666666667
0.125 -0.0791666666667
0.1375 -0.1
0.15 -0.104166666667
0.159375 -0.0875
0.15625 -0.0791666666667
0.15 -0.0708333333333
0.14375 -0.075
0.14375 -0.0833333333333
0.146875 -0.0916666666667
0.153125 -0.0916666666667
0.159375 -0.0791666666667
0.1625 -0.0708333333333
0.1625 -0.0708333333333
0.1625 -0.075
0.159375 -0.0791666666667
0.159375 -0.0875
0.15625 -0.104166666667
0.153125 -0.1125
0.15 -0.116666666667
0.146875 -0.108333333333
0.14375 -0.0958333333333
0.14375 -0.0916666666667
0.14375 -0.0875
0.140625 -0.0916666666667
0.140625 -0.0958333333333
0.140625 -0.1
0.140625 -0.0958333333333
0.1375 -0.0958333333333
0.140625 -0.0875
0.146875 -0.0791666666667
0.153125 -0.0875
0.159375 -0.1
0.165625 -0.1
0.171875 -0.104166666667
0.16875 -0.1125
0.16875 -0.116666666667
0.159375 -0.125
0.15625 -0.1375
0.15625 -0.1375
0.1625 -0.145833333333
0.171875 -0.145833333333
0.175 -0.1375
0.175 -0.133333333333
0.16875 -0.1375
0.159375 -0.133333333333
0.15625 -0.1375
0.15625 -0.133333333333
0.1625 -0.129166666667
0.16875 -0.125
0.178125 -0.120833333333
0.18125 -0.116666666667
0.18125 -0.116666666667
0.171875 -0.120833333333
0.15625 -0.129166666667
0.14375 -0.141666666667
0.140625 -0.145833333333
0.140625 -0.15
0.140625 -0.145833333333
0.1375 -0.133333333333
0.13125 -0.125
0.125 -0.125
0.115625 -0.133333333333
0.10625 -0.145833333333
0.096875 -0.158333333333
0.0875 -0.1625
0.078125 -0.170833333333
0.06875 -0.175
0.059375 -0.179166666667
0.059375 -0.183333333333
0.0625 -0.179166666667
0.065625 -0.170833333333
0.059375 -0.183333333333
0.05 -0.191666666667
0.040625 -0.204166666667
0.034375 -0.216666666667
0.034375 -0.229166666667
0.034375 -0.241666666667
0.0375 -0.2375
0.040625 -0.2375
0.04375 -0.25
0.046875 -0.258333333333
0.046875 -0.2625
0.053125 -0.266666666667
0.059375 -0.270833333333
0.06875 -0.254166666667
0.075 -0.241666666667
0.08125 -0.220833333333
0.078125 -0.220833333333
0.075 -0.220833333333
0.06875 -0.225
0.0625 -0.233333333333
0.053125 -0.229166666667
0.046875 -0.225
0.046875 -0.216666666667
0.053125 -0.208333333333
0.053125 -0.208333333333
0.05 -0.220833333333
0.046875 -0.233333333333
0.04375 -0.241666666667
0.04375 -0.254166666667
0.053125 -0.254166666667
0.059375 -0.254166666667
0.059375 -0.254166666667
0.05 -0.254166666667
0.040625 -0.25
0.025 -0.254166666667
0.01875 -0.25
0.021875 -0.2375
0.028125 -0.216666666667
0.0375 -0.2125
0.04375 -0.2
0.04375 -0.2
0.04375 -0.195833333333
0.040625 -0.191666666667
0.0375 -0.195833333333
0.040625 -0.208333333333
0.04375 -0.2125
0.05 -0.216666666667
0.059375 -0.208333333333
0.065625 -0.2
0.06875 -0.1875
0.065625 -0.179166666667
0.0625 -0.179166666667
0.059375 -0.191666666667
0.059375 -0.208333333333
0.059375 -0.220833333333
0.059375 -0.225
0.0625 -0.229166666667
0.0625 -0.225
0.0625 -0.225
0.0625 -0.225
0.0625 -0.229166666667
0.0625 -0.225
0.0625 -0.220833333333
0.065625 -0.208333333333
0.065625 -0.195833333333
0.065625 -0.195833333333
0.0625 -0.191666666667
0.059375 -0.195833333333
0.05625 -0.195833333333
0.053125 -0.204166666667
0.05 -0.204166666667
0.05 -0.208333333333
0.053125 -0.208333333333
0.053125 -0.2
0.053125 -0.2
0.053125 -0.2
0.053125 -0.191666666667
0.053125 -0.191666666667
0.053125 -0.1875
0.05625 -0.175
0.05625 -0.170833333333
0.05625 -0.166666666667
0.05625 -0.170833333333
0.0625 -0.175
0.065625 -0.183333333333
0.065625 -0.191666666667
0.065625 -0.195833333333
0.0625 -0.195833333333
0.059375 -0.183333333333
0.053125 -0.175
0.05 -0.170833333333
0.05 -0.175
0.05 -0.179166666667
0.05 -0.1875
0.05 -0.191666666667
0.053125 -0.1875
0.05625 -0.183333333333
0.05625 -0.175
0.059375 -0.179166666667
0.05625 -0.183333333333
0.053125 -0.1875
0.046875 -0.1875
0.04375 -0.1875
0.046875 -0.1875
0.05 -0.183333333333
0.053125 -0.179166666667
0.05625 -0.170833333333
0.053125 -0.170833333333
0.053125 -0.170833333333
0.053125 -0.170833333333
0.053125 -0.175
0.053125 -0.175
0.053125 -0.170833333333
0.05625 -0.166666666667
0.059375 -0.170833333333
0.065625 -0.175
0.071875 -0.179166666667
0.075 -0.183333333333
0.078125 -0.1875
0.075 -0.2
0.06875 -0.208333333333
0.065625 -0.2125
0.059375 -0.208333333333
0.05625 -0.204166666667
0.053125 -0.195833333333
0.05 -0.195833333333
0.05 -0.191666666667
0.05 -0.195833333333
0.05 -0.1875
0.05 -0.183333333333
0.04375 -0.183333333333
0.040625 -0.183333333333
0.040625 -0.183333333333
0.040625 -0.183333333333
0.040625 -0.191666666667
0.0375 -0.2
0.034375 -0.195833333333
0.028125 -0.195833333333
0.021875 -0.195833333333
0.0125 -0.2
0.00625 -0.204166666667
0.003125 -0.204166666667
0.009375 -0.204166666667
0.015625 -0.208333333333
0.025 -0.204166666667
0.028125 -0.204166666667
0.025 -0.204166666667
0.01875 -0.191666666667
0.009375 -0.191666666667
0.00625 -0.191666666667
0.003125 -0.2
0.00625 -0.208333333333
0.0125 -0.204166666667
0.015625 -0.195833333333
0.01875 -0.191666666667
0.021875 -0.183333333333
0.01875 -0.183333333333
0.015625 -0.1875
0.0125 -0.191666666667
0.0125 -0.191666666667
0.015625 -0.191666666667
0.0125 -0.195833333333
0.009375 -0.208333333333
0.003125 -0.2125
-0.003125 -0.216666666667
-0.009375 -0.225
-0.009375 -0.233333333333
-0.00625 -0.233333333333
-0.003125 -0.229166666667
0.003125 -0.229166666667
0.009375 -0.2375
0.0125 -0.245833333333
0.009375 -0.254166666667
-0.003125 -0.2625
-0.021875 -0.275
-0.05 -0.291666666667
-0.071875 -0.308333333333
-0.090625 -0.325
-0.090625 -0.3375
-0.078125 -0.333333333333
-0.059375 -0.320833333333
-0.04375 -0.3
-0.034375 -0.2875
-0.0375 -0.283333333333
-0.04375 -0.266666666667
-0.05 -0.258333333333
-0.05 -0.245833333333
-0.040625 -0.2375
-0.0375 -0.241666666667
-0.040625 -0.233333333333
-0.040625 -0.245833333333
-0.0375 -0.254166666667
-0.03125 -0.270833333333
-0.025 -0.275
-0.0125 -0.266666666667
0.0 -0.245833333333
0.009375 -0.216666666667
0.01875 -0.195833333333
0.025 -0.191666666667
0.03125 -0.2
0.03125 -0.204166666667
0.028125 -0.195833333333
0.021875 -0.195833333333
0.01875 -0.2
0.015625 -0.208333333333
0.01875 -0.220833333333
0.01875 -0.220833333333
0.021875 -0.225
0.01875 -0.233333333333
0.015625 -0.2375
0.0125 -0.233333333333
0.0125 -0.229166666667
0.01875 -0.216666666667
0.028125 -0.2125
0.03125 -0.208333333333
0.034375 -0.208333333333
0.03125 -0.2125
0.03125 -0.216666666667
0.03125 -0.225
0.034375 -0.220833333333
0.0375 -0.2125
0.040625 -0.2
0.0375 -0.1875
0.034375 -0.183333333333
0.03125 -0.179166666667
0.03125 -0.183333333333
0.03125 -0.191666666667
0.03125 -0.1875
0.03125 -0.183333333333
0.03125 -0.175
0.03125 -0.179166666667
0.034375 -0.183333333333
0.0375 -0.179166666667
0.040625 -0.1625
0.040625 -0.141666666667
0.0375 -0.1375
0.028125 -0.141666666667
0.028125 -0.15
0.028125 -0.158333333333
0.034375 -0.158333333333
0.0375 -0.15
0.040625 -0.15
0.04375 -0.154166666667
0.04375 -0.154166666667
0.0375 -0.145833333333
0.034375 -0.145833333333
0.034375 -0.145833333333
0.0375 -0.154166666667
0.04375 -0.1625
0.05 -0.170833333333
0.046875 -0.179166666667
0.0375 -0.195833333333
0.028125 -0.208333333333
0.021875 -0.2125
0.01875 -0.2125
0.015625 -0.204166666667
0.00625 -0.2125
-0.00625 -0.216666666667
-0.01875 -0.233333333333
-0.028125 -0.245833333333
-0.03125 -0.245833333333
-0.025 -0.2375
-0.015625 -0.229166666667
-0.009375 -0.220833333333
0.0 -0.208333333333
0.00625 -0.191666666667
0.015625 -0.183333333333
0.03125 -0.179166666667
0.0375 -0.1875
0.040625 -0.2
0.04375 -0.204166666667
0.05 -0.204166666667
0.05625 -0.1875
0.059375 -0.170833333333
0.0625 -0.166666666667
0.059375 -0.170833333333
0.05625 -0.179166666667
0.053125 -0.1875
0.059375 -0.1875
0.071875 -0.179166666667
0.08125 -0.175
0.0875 -0.166666666667
0.090625 -0.158333333333
0.0875 -0.15
0.084375 -0.154166666667
0.08125 -0.158333333333
0.084375 -0.158333333333
0.090625 -0.1625
0.1 -0.158333333333
0.078125 -0.175
0.109375 -0.1375
0.10625 -0.129166666667
0.103125 -0.125
0.075 -0.158333333333
0.109375 -0.133333333333
0.109375 -0.1375
0.109375 -0.145833333333
0.109375 -0.15
0.109375 -0.15
0.109375 -0.145833333333
0.109375 -0.141666666667
0.1125 -0.1375
0.115625 -0.133333333333
0.11875 -0.125
0.125 -0.120833333333
0.13125 -0.1125
0.134375 -0.120833333333
0.1375 -0.129166666667
0.13125 -0.15
0.096875 -0.216666666667
0.13125 -0.225
0.134375 -0.258333333333
0.1375 -0.295833333333
0.140625 -0.320833333333
0.14375 -0.3375
0.140625 -0.366666666667
0.1375 -0.395833333333
0.1375 -0.420833333333
0.14375 -0.445833333333
0.15 -0.479166666667
0.15625 -0.520833333333
0.153125 -0.570833333333
0.146875 -0.620833333333
0.103125 -0.670833333333
OBJECT LOST, Reinitialize for tracking
-0.25625 -1.0625
-0.1125 -0.9375
-0.046875 -0.908333333333
-0.05625 -0.929166666667
-0.028125 -0.9375
-0.021875 -0.9625
-0.05625 -0.995833333333
-0.021875 -0.966666666667
-0.0125 -0.991666666667
-0.009375 -1.025
-0.00625 -1.05416666667
-0.025 -1.1125
-0.065625 -1.2
-0.021875 -1.2375
0.059375 -1.21666666667
0.0625 -1.23333333333
0.0625 -1.25
0.0625 -1.27083333333
0.065625 -1.29583333333
0.06875 -1.32083333333
0.06875 -1.3375
0.06875 -1.35416666667
OBJECT LOST, Reinitialize for tracking
-0.24375 -1.75833333333
0.059375 -1.54166666667
0.121875 -1.50416666667
0.11875 -1.52083333333
0.11875 -1.53333333333
0.121875 -1.5375
0.121875 -1.54583333333
0.125 -1.55416666667
0.128125 -1.56666666667
0.128125 -1.58333333333
0.128125 -1.59583333333
0.128125 -1.60833333333
0.128125 -1.62916666667
0.128125 -1.65833333333
0.128125 -1.68333333333
0.134375 -1.69166666667
0.140625 -1.69166666667
0.15 -1.7
0.1625 -1.69583333333
0.178125 -1.7
0.209375 -1.69166666667
0.25 -1.675
0.290625 -1.66666666667
0.328125 -1.6625
0.36875 -1.66666666667
0.403125 -1.6625
0.440625 -1.65416666667
0.471875 -1.64583333333
0.503125 -1.64583333333
0.496875 -1.66666666667
0.578125 -1.6375
0.609375 -1.64166666667
0.640625 -1.64166666667
0.66875 -1.65416666667
0.696875 -1.65833333333
0.721875 -1.65833333333
0.746875 -1.64583333333
OBJECT LOST, Reinitialize for tracking
0.609375 -1.85416666667
0.753125 -1.7625
0.778125 -1.75833333333
0.85625 -1.70833333333
0.840625 -1.7625
0.88125 -1.775
0.9125 -1.775
0.934375 -1.80833333333
0.971875 -1.80416666667
1.0 -1.79583333333
0.953125 -1.82916666667
1.05625 -1.73333333333
0.953125 -1.78333333333
0.99375 -1.75833333333
1.05 -1.74166666667
1.06875 -1.72916666667
1.1375 -1.70416666667
1.109375 -1.75416666667
1.075 -1.78333333333
1.20625 -1.72083333333
1.225 -1.73333333333
1.240625 -1.75
1.2625 -1.7375
1.284375 -1.71666666667
1.303125 -1.72916666667
1.325 -1.72916666667
1.346875 -1.725
1.3625 -1.72916666667
1.30625 -1.76666666667
1.375 -1.7625
1.38125 -1.7625
1.3875 -1.72083333333
1.3875 -1.675
1.384375 -1.65833333333
1.378125 -1.65
1.315625 -1.65
1.38125 -1.57916666667
1.3875 -1.54583333333
1.3875 -1.52916666667
1.384375 -1.5
1.3875 -1.45833333333
1.3875 -1.41666666667
1.390625 -1.37083333333
1.3875 -1.33333333333
1.196875 -1.44166666667
1.34375 -1.275
1.428125 -1.1625
1.421875 -1.12083333333
1.421875 -1.0875
1.41875 -1.05
1.41875 -0.995833333333
1.33125 -0.975
OBJECT LOST, Reinitialize for tracking
1.134375 -1.2125
1.3375 -0.995833333333
1.3875 -0.908333333333
1.353125 -0.908333333333
1.378125 -0.8375
1.375 -0.8
1.365625 -0.7625
1.3625 -0.741666666667
1.359375 -0.725
1.353125 -0.716666666667
1.346875 -0.7
1.340625 -0.7
1.340625 -0.670833333333
1.334375 -0.654166666667
1.334375 -0.625
1.3375 -0.583333333333
1.334375 -0.5625
1.3375 -0.529166666667
1.34375 -0.483333333333
1.346875 -0.4375
1.346875 -0.416666666667
1.3375 -0.383333333333
1.3375 -0.320833333333
1.234375 -0.475
1.31875 -0.275
OBJECT LOST, Reinitialize for tracking
1.096875 -0.529166666667
1.28125 -0.329166666667
1.31875 -0.2625
1.375 -0.175
1.30625 -0.208333333333
1.3625 -0.120833333333
1.28125 -0.145833333333
1.3 -0.0791666666667
1.33125 -0.025
1.328125 -0.025
1.328125 -0.0333333333333
1.321875 -0.0375
1.303125 -0.025
1.296875 0.0125
1.2875 0.0208333333333
1.271875 -0.00416666666667
1.253125 -0.0166666666667
1.228125 -0.025
1.2 -0.0166666666667
1.171875 0.00833333333333
1.134375 0.0208333333333
1.1 0.0416666666667
1.059375 0.0583333333333
1.015625 0.075
0.98125 0.0875
0.94375 0.0916666666667
0.903125 0.0916666666667
0.8625 0.075
0.834375 0.0708333333333
0.8125 0.0625
0.784375 0.0541666666667
0.75 0.0375
0.715625 0.025
0.690625 0.0291666666667
0.66875 0.0375
0.64375 0.0333333333333
OBJECT LOST, Reinitialize for tracking
0.415625 -0.216666666667
0.571875 -0.025
0.515625 -0.0291666666667
0.528125 0.0125
0.490625 -6.93889390391e-18
0.45625 -0.0125
0.425 -0.0166666666667
0.4 -0.025
0.375 -0.0291666666667
0.35625 -0.0416666666667
0.325 -0.075
0.328125 -0.0583333333333
0.3125 -0.0666666666667
0.29375 -0.075
0.2875 -0.0791666666667
0.271875 -0.0916666666667
0.2625 -0.0833333333333
0.246875 -0.0916666666667
0.221875 -0.120833333333
0.228125 -0.0916666666667
0.21875 -0.0791666666667
0.203125 -0.0791666666667
0.190625 -0.0708333333333
0.175 -0.0791666666667
0.165625 -0.0791666666667
0.1625 -0.0875
0.14375 -0.0916666666667
0.128125 -0.1125
0.115625 -0.129166666667
0.10625 -0.116666666667
0.1 -0.104166666667
0.084375 -0.0958333333333
0.021875 -0.129166666667
-0.028125 -0.125
-0.040625 -0.0833333333333
OBJECT LOST, Reinitialize for tracking
-0.378125 -0.425
-0.1125 -0.158333333333
-0.103125 -0.1375
-0.1125 -0.145833333333
-0.109375 -0.15
-0.1 -0.166666666667
-0.0875 -0.170833333333
-0.075 -0.158333333333
-0.065625 -0.154166666667
-0.065625 -0.154166666667
-0.065625 -0.158333333333
-0.06875 -0.175
-0.071875 -0.183333333333
-0.071875 -0.195833333333
-0.071875 -0.2125
-0.06875 -0.225
-0.06875 -0.229166666667
-0.0625 -0.220833333333
-0.053125 -0.220833333333
-0.034375 -0.204166666667
-0.04375 -0.216666666667
-0.00625 -0.179166666667
-0.003125 -0.166666666667
-0.00625 -0.166666666667
-0.009375 -0.1625
-0.01875 -0.170833333333
-0.028125 -0.1875
-0.034375 -0.204166666667
-0.0375 -0.2125
-0.0375 -0.2125
-0.034375 -0.195833333333
-0.04375 -0.191666666667
-0.053125 -0.2
-0.05625 -0.2
-0.05625 -0.191666666667
-0.053125 -0.183333333333
-0.046875 -0.179166666667
-0.04375 -0.175
-0.040625 -0.195833333333
-0.03125 -0.208333333333
-0.01875 -0.216666666667
-0.00625 -0.220833333333
-1.31838984174e-16 -0.220833333333
-1.31838984174e-16 -0.225
-0.003125 -0.225
-0.00625 -0.229166666667
-0.0125 -0.229166666667
-0.015625 -0.229166666667
-0.025 -0.233333333333
-0.028125 -0.225
-0.03125 -0.220833333333
-0.028125 -0.208333333333
-0.025 -0.208333333333
-0.025 -0.2125
-0.021875 -0.208333333333
-0.01875 -0.216666666667
-0.01875 -0.220833333333
-0.015625 -0.225
-0.009375 -0.233333333333
-0.003125 -0.225
-1.31838984174e-16 -0.216666666667
0.003125 -0.2125
0.009375 -0.2125
0.0125 -0.2125
0.0125 -0.208333333333
0.009375 -0.2125
0.009375 -0.204166666667
0.015625 -0.2
0.025 -0.175
0.040625 -0.15
0.053125 -0.133333333333
0.065625 -0.120833333333
0.071875 -0.108333333333
0.075 -0.1
0.078125 -0.0916666666667
0.08125 -0.0875
0.08125 -0.0791666666667
0.08125 -0.075
0.084375 -0.0625
0.0875 -0.0625
0.09375 -0.0625
0.096875 -0.0625
0.1 -0.0666666666667
0.103125 -0.0666666666667
0.103125 -0.0583333333333
0.103125 -0.0416666666667
0.103125 -0.0458333333333
0.103125 -0.0375
0.1 -0.0375
0.1 -0.0416666666667
0.103125 -0.0458333333333
0.103125 -0.0541666666667
0.1 -0.0666666666667
0.1 -0.075
0.096875 -0.0666666666667
0.09375 -0.05
0.1 -0.05
0.10625 -0.0583333333333
0.109375 -0.0666666666667
0.109375 -0.0625
0.109375 -0.0625
0.109375 -0.0708333333333
0.109375 -0.0666666666667
0.109375 -0.0458333333333
0.10625 -0.0416666666667
0.10625 -0.0375
0.1125 -0.0375
0.11875 -0.0416666666667
0.128125 -0.0291666666667
0.128125 -0.0291666666667
0.125 -0.0333333333333
0.121875 -0.0541666666667
0.121875 -0.075
0.115625 -0.0791666666667
0.103125 -0.0791666666667
0.09375 -0.075
0.0875 -0.0791666666667
0.08125 -0.0833333333333
0.075 -0.104166666667
0.06875 -0.15
0.06875 -0.158333333333
0.075 -0.129166666667
0.078125 -0.0916666666667
0.08125 -0.075
0.084375 -0.0833333333333
0.084375 -0.075
0.08125 -0.0541666666667
0.0625 -0.0708333333333
0.103125 -0.05
0.10625 -0.075
0.1125 -0.0833333333333
0.11875 -0.0666666666667
0.11875 -0.05
0.115625 -0.0666666666667
0.11875 -0.0875
0.121875 -0.075
0.121875 -0.0666666666667
0.11875 -0.0625
0.115625 -0.0666666666667
0.1125 -0.0666666666667
0.1125 -0.0833333333333
0.109375 -0.0875
0.109375 -0.0958333333333
0.109375 -0.108333333333
0.109375 -0.104166666667
0.1125 -0.0916666666667
0.11875 -0.0916666666667
0.115625 -0.1125
0.1125 -0.145833333333
0.125 -0.15
0.146875 -0.129166666667
0.14375 -0.1125
0.121875 -0.116666666667
0.10625 -0.154166666667
0.109375 -0.1875
0.11875 -0.170833333333
0.109375 -0.158333333333
0.09375 -0.166666666667
0.090625 -0.183333333333
0.10625 -0.195833333333
0.128125 -0.2
0.14375 -0.220833333333
0.146875 -0.270833333333
0.153125 -0.345833333333
0.159375 -0.395833333333
0.184375 -0.420833333333
0.203125 -0.441666666667
0.215625 -0.466666666667
0.23125 -0.516666666667
0.246875 -0.5625
0.259375 -0.608333333333
0.228125 -0.679166666667
0.278125 -0.679166666667
0.240625 -0.716666666667
0.29375 -0.704166666667
0.29375 -0.691666666667
0.2875 -0.666666666667
0.28125 -0.629166666667
0.271875 -0.591666666667
0.2625 -0.558333333333
0.25625 -0.5
0.25625 -0.445833333333
0.25625 -0.395833333333
0.25625 -0.35
0.25 -0.341666666667
0.2375 -0.320833333333
0.221875 -0.279166666667
0.20625 -0.245833333333
0.19375 -0.216666666667
0.1875 -0.204166666667
0.184375 -0.195833333333
0.178125 -0.183333333333
0.171875 -0.1625
0.16875 -0.129166666667
0.16875 -0.1
0.171875 -0.0833333333333
0.171875 -0.0541666666667
0.171875 -0.0125
0.171875 0.025
0.171875 0.0291666666667
0.178125 0.0333333333333
0.1875 0.0375
0.19375 0.0416666666667
0.19375 0.0375
0.196875 0.0375
0.203125 0.025
0.209375 0.0208333333333
0.215625 0.0208333333333
0.215625 0.0291666666667
0.21875 0.0291666666667
0.21875 0.0208333333333
0.225 0.00833333333333
0.228125 0.00833333333333
0.228125 -1.38777878078e-17
0.228125 -0.00833333333333
0.23125 -0.0166666666667
0.234375 -0.0166666666667
0.234375 -0.025
0.240625 -0.00833333333333
0.2375 -0.0125
0.240625 -0.0125
0.240625 -0.025
0.24375 -0.025
0.240625 -0.0333333333333
0.24375 -0.025
0.240625 -0.0333333333333
0.24375 -0.0375
0.24375 -0.0458333333333
0.246875 -0.05
0.246875 -0.0458333333333
0.246875 -0.0375
0.246875 -0.0333333333333
0.25 -0.0416666666667
0.253125 -0.0458333333333
0.253125 -0.0458333333333
0.253125 -0.0416666666667
0.253125 -0.0375
0.25625 -0.0375
0.25625 -0.0333333333333
0.259375 -0.0333333333333
0.259375 -0.0375
0.259375 -0.0375
0.2625 -0.0375
0.2625 -0.0333333333333
0.265625 -0.0208333333333
0.265625 -0.0208333333333
0.26875 -0.0166666666667
0.271875 -0.0125
0.271875 -1.38777878078e-17
0.271875 -0.00833333333333
0.275 -0.00416666666667
0.275 -1.38777878078e-17
0.271875 -1.38777878078e-17
0.271875 0.00416666666667
0.275 0.00416666666667
0.278125 0.00416666666667
0.278125 0.00833333333333
0.275 0.0208333333333
0.278125 0.0166666666667
0.28125 0.00416666666667
0.28125 0.00416666666667
0.278125 0.0125
0.275 0.00833333333333
0.271875 -0.00416666666667
0.275 -0.00416666666667
0.278125 -0.00833333333333
0.275 -0.00416666666667
0.275 -1.38777878078e-17
0.275 -1.38777878078e-17
